[2026-03-03 11:00:34] Init Pose: [[-9.88856898e-01  1.48862241e-01 -1.43829588e-03 -1.14925000e+02]
 [-1.44623543e-01 -9.58319630e-01  2.46388955e-01  4.92333000e+02]
 [ 3.52996649e-02  2.43851430e-01  9.69169961e-01  5.82281000e+02]
 [ 0.00000000e+00  0.00000000e+00  0.00000000e+00  1.00000000e+00]]
[2026-03-03 11:00:38] Capture Pose: [[-9.88856898e-01  1.48862241e-01 -1.43829588e-03 -1.14925000e+02]
 [-1.44623543e-01 -9.58319630e-01  2.46388955e-01  4.92333000e+02]
 [ 3.52996649e-02  2.43851430e-01  9.69169961e-01  5.82281000e+02]
 [ 0.00000000e+00  0.00000000e+00  0.00000000e+00  1.00000000e+00]]
[2026-03-03 11:01:57] Fueling Pose: [[-9.99748184e-01  1.58420332e-02  1.58933210e-02 -3.68720000e+01]
 [-1.60469899e-02 -9.99788635e-01 -1.28522087e-02  4.94134000e+02]
 [ 1.56863566e-02 -1.31040123e-02  9.99791090e-01  8.84903000e+02]
 [ 0.00000000e+00  0.00000000e+00  0.00000000e+00  1.00000000e+00]]
